{
 "cells": [
  {
   "cell_type": "code",
   "execution_count": 1,
   "metadata": {
    "collapsed": true
   },
   "outputs": [],
   "source": [
    "import numpy as np\n",
    "from exp_family import *\n",
    "from projectors import *\n",
    "\n",
    "%matplotlib inline\n",
    "import matplotlib.pyplot as plt\n",
    "import seaborn"
   ]
  },
  {
   "cell_type": "code",
   "execution_count": 35,
   "metadata": {
    "collapsed": true
   },
   "outputs": [],
   "source": [
    "def sgd(objective, sample_dist, zero_point, projector, strong_convexity_coef = None, \n",
    "        C = 1, problem = \"KL\", acceleration = False, max_iter = 10**5):\n",
    "    cur_theta = zero_point\n",
    "    estim = []\n",
    "    thetas = [cur_theta]\n",
    "    dim = len(zero_point[0])\n",
    "    if strong_convexity_coef != None:\n",
    "        lam = strong_convexity_coef\n",
    "    else:\n",
    "        acceleration = False\n",
    "        lam = 0\n",
    "    for i in range(max_iter):\n",
    "        f_theta = sample_dist(*cur_theta)\n",
    "        cur_x = f_theta.sample()\n",
    "        # estimation part\n",
    "        x = cur_x\n",
    "        tmp = objective(x)/f_theta.pdf(x)\n",
    "        if i == 0:\n",
    "            cur_estim = tmp\n",
    "        else:\n",
    "            #print(estim)\n",
    "            cur_estim = tmp + estim[i - 1] * i\n",
    "            cur_estim = cur_estim/(i + 1)\n",
    "        estim.append(cur_estim)\n",
    "        # gradient part\n",
    "        if problem == \"KL\":\n",
    "            grad = tuple((g_A - t)*tmp for g_A, t in zip(f_theta.grad_A(),f_theta.T(x)))\n",
    "            coef = lam**2/2\n",
    "        elif problem == \"Var\":\n",
    "            grad = tuple((g_A - t)*(tmp**2) for g_A, t in zip(f_theta.grad_A(),f_theta.T(x)))\n",
    "            coef = lam**(2 + dim/2)/(2*(2*np.pi)**(dim/2))\n",
    "        else:\n",
    "            raise ValueError('problem should be equal to either \"KL\" or \"Var\"')\n",
    "        # step part\n",
    "        if acceleration:\n",
    "            if i == 0:\n",
    "                print('here')\n",
    "            step_size = C/(coef*(i+1))\n",
    "        else:\n",
    "            step_size = C/np.sqrt(i+1)\n",
    "            #step_size = C\n",
    "        cur_theta = tuple(theta_elem - step_size*g for theta_elem, g in zip(cur_theta, grad))\n",
    "        cur_theta = projector(*cur_theta)\n",
    "        thetas.append(cur_theta)\n",
    "    return estim, thetas"
   ]
  },
  {
   "cell_type": "code",
   "execution_count": 36,
   "metadata": {
    "collapsed": false
   },
   "outputs": [],
   "source": [
    "obj = lambda x: x.dot(x) <= 4\n",
    "l_min = 1e-2\n",
    "l_max = 10\n",
    "zero_point = (np.array([0,0,0]), np.eye(3))\n",
    "projector = CoordProjector(BoxProjector(-1, 1), EigenBoxProjector(l_min, l_max))"
   ]
  },
  {
   "cell_type": "markdown",
   "metadata": {},
   "source": [
    "### Estimations using KL-divergence without acceleration"
   ]
  },
  {
   "cell_type": "code",
   "execution_count": 42,
   "metadata": {
    "collapsed": false
   },
   "outputs": [],
   "source": [
    "estim0, thetas0 = sgd(obj, GaussianDistribution, zero_point, projector, max_iter = 5*10**5, C=1e-2)"
   ]
  },
  {
   "cell_type": "code",
   "execution_count": 43,
   "metadata": {
    "collapsed": false
   },
   "outputs": [
    {
     "data": {
      "text/plain": [
       "[(array([0, 0, 0]), array([[ 1.,  0.,  0.],\n",
       "         [ 0.,  1.,  0.],\n",
       "         [ 0.,  0.,  1.]])),\n",
       " (array([-0.13578518, -0.01736642,  0.05552159]),\n",
       "  array([[ 1.28430521,  0.02529529, -0.04813498],\n",
       "         [ 0.02529529,  1.27867203,  0.02898869],\n",
       "         [-0.04813498,  0.02898869,  1.15030355]])),\n",
       " (array([ 0.10655449,  0.01750819, -0.01544609]),\n",
       "  array([[ 1.24254652,  0.00462538, -0.00916116],\n",
       "         [ 0.00462538,  1.23746337,  0.08153263],\n",
       "         [-0.00916116,  0.08153263,  1.25563852]])),\n",
       " (array([-0.04650129, -0.03906277, -0.0124837 ]),\n",
       "  array([[ 1.28219089, -0.02239379,  0.02158876],\n",
       "         [-0.02239379,  1.19888859,  0.02490682],\n",
       "         [ 0.02158876,  0.02490682,  1.271603  ]])),\n",
       " (array([ 0.0393912 ,  0.02773377,  0.06020071]),\n",
       "  array([[  1.21259171e+00,   1.45716799e-03,   2.11939814e-03],\n",
       "         [  1.45716799e-03,   1.20968687e+00,   5.84593245e-04],\n",
       "         [  2.11939814e-03,   5.84593245e-04,   1.31030944e+00]])),\n",
       " (array([ 0.01032068, -0.01602609,  0.059891  ]),\n",
       "  array([[ 1.24737829,  0.00426067, -0.031614  ],\n",
       "         [ 0.00426067,  1.22986214, -0.08166407],\n",
       "         [-0.031614  , -0.08166407,  1.26903865]])),\n",
       " (array([ 0.02429664,  0.00934275,  0.02355869]),\n",
       "  array([[ 1.28503184,  0.00676019,  0.02031601],\n",
       "         [ 0.00676019,  1.2994987 , -0.04235288],\n",
       "         [ 0.02031601, -0.04235288,  1.20926781]])),\n",
       " (array([ 0.09158287,  0.01295123,  0.01231977]),\n",
       "  array([[  1.23652985e+00,   4.00198224e-02,   4.18607761e-04],\n",
       "         [  4.00198224e-02,   1.31605393e+00,  -2.67171458e-02],\n",
       "         [  4.18607761e-04,  -2.67171458e-02,   1.23771744e+00]])),\n",
       " (array([ 0.03765022, -0.03036979, -0.06179798]),\n",
       "  array([[ 1.2346269 ,  0.01783202,  0.02639025],\n",
       "         [ 0.01783202,  1.23328777,  0.01815854],\n",
       "         [ 0.02639025,  0.01815854,  1.25771486]])),\n",
       " (array([ 0.02890399, -0.05446749,  0.00339963]),\n",
       "  array([[ 1.30469348,  0.00226299, -0.01148616],\n",
       "         [ 0.00226299,  1.25051717,  0.0273503 ],\n",
       "         [-0.01148616,  0.0273503 ,  1.23489978]])),\n",
       " (array([-0.05185765,  0.01616176, -0.081816  ]),\n",
       "  array([[ 1.25586755,  0.01668359,  0.04725424],\n",
       "         [ 0.01668359,  1.28183364,  0.01611812],\n",
       "         [ 0.04725424,  0.01611812,  1.23537268]])),\n",
       " (array([ 0.05197585,  0.00785346,  0.04119948]),\n",
       "  array([[ 1.25362102, -0.01249703,  0.0119111 ],\n",
       "         [-0.01249703,  1.19664404,  0.02428724],\n",
       "         [ 0.0119111 ,  0.02428724,  1.31444608]])),\n",
       " (array([ 0.01156728,  0.06749109, -0.03536475]),\n",
       "  array([[ 1.27284487, -0.02587647,  0.03213469],\n",
       "         [-0.02587647,  1.24439935,  0.04111967],\n",
       "         [ 0.03213469,  0.04111967,  1.27624561]])),\n",
       " (array([-0.01737549, -0.04093664, -0.01028758]),\n",
       "  array([[ 1.28335379,  0.02122052,  0.00503462],\n",
       "         [ 0.02122052,  1.2140437 ,  0.00509624],\n",
       "         [ 0.00503462,  0.00509624,  1.27852697]])),\n",
       " (array([-0.03362442, -0.02120772, -0.02867302]),\n",
       "  array([[ 1.26292993,  0.03432169, -0.01461267],\n",
       "         [ 0.03432169,  1.24944007,  0.02593034],\n",
       "         [-0.01461267,  0.02593034,  1.27243116]])),\n",
       " (array([ 0.04068178, -0.05663111,  0.02182611]),\n",
       "  array([[ 1.22934963,  0.02708644, -0.019555  ],\n",
       "         [ 0.02708644,  1.28670704, -0.06298289],\n",
       "         [-0.019555  , -0.06298289,  1.25073998]])),\n",
       " (array([-0.0183776 ,  0.01839822, -0.05875869]),\n",
       "  array([[ 1.27571917,  0.00357486, -0.0187537 ],\n",
       "         [ 0.00357486,  1.24504036, -0.00200562],\n",
       "         [-0.0187537 , -0.00200562,  1.25173758]])),\n",
       " (array([-0.01949724, -0.02768495,  0.00248767]),\n",
       "  array([[ 1.22958854, -0.01827648,  0.01053562],\n",
       "         [-0.01827648,  1.23692689,  0.00694845],\n",
       "         [ 0.01053562,  0.00694845,  1.26828823]])),\n",
       " (array([ 0.02892282,  0.03051851, -0.01893774]),\n",
       "  array([[ 1.24675829,  0.01195349, -0.00387115],\n",
       "         [ 0.01195349,  1.23701745,  0.00672288],\n",
       "         [-0.00387115,  0.00672288,  1.25180403]])),\n",
       " (array([-0.07732442,  0.01010412,  0.01682888]),\n",
       "  array([[ 1.24792815,  0.00910985, -0.01515685],\n",
       "         [ 0.00910985,  1.2827566 , -0.00641124],\n",
       "         [-0.01515685, -0.00641124,  1.24813818]])),\n",
       " (array([ 0.04018733,  0.01379808,  0.02498943]),\n",
       "  array([[ 1.26276123, -0.05358448, -0.03256247],\n",
       "         [-0.05358448,  1.23009889,  0.01100566],\n",
       "         [-0.03256247,  0.01100566,  1.28868968]])),\n",
       " (array([ 0.04453584,  0.03959248, -0.03079615]),\n",
       "  array([[ 1.29764375, -0.00768962, -0.05619691],\n",
       "         [-0.00768962,  1.23202796, -0.00240749],\n",
       "         [-0.05619691, -0.00240749,  1.24312578]])),\n",
       " (array([-0.00901283, -0.00136803, -0.02471839]),\n",
       "  array([[ 1.27098139,  0.04859719, -0.04842792],\n",
       "         [ 0.04859719,  1.25915132, -0.02393888],\n",
       "         [-0.04842792, -0.02393888,  1.25563303]])),\n",
       " (array([-0.03706355,  0.03348153, -0.02222219]),\n",
       "  array([[ 1.26339536,  0.01427144, -0.01768987],\n",
       "         [ 0.01427144,  1.27526843, -0.0332272 ],\n",
       "         [-0.01768987, -0.0332272 ,  1.23427735]])),\n",
       " (array([ 0.00024433,  0.03214866, -0.00749807]),\n",
       "  array([[ 1.26196153,  0.00588124, -0.02547012],\n",
       "         [ 0.00588124,  1.26466483,  0.00744431],\n",
       "         [-0.02547012,  0.00744431,  1.21973375]])),\n",
       " (array([ 0.03678525,  0.00878559,  0.00238695]),\n",
       "  array([[  1.25337832e+00,  -2.39154664e-02,  -8.40735111e-04],\n",
       "         [ -2.39154664e-02,   1.26454243e+00,  -1.77679819e-02],\n",
       "         [ -8.40735111e-04,  -1.77679819e-02,   1.21590053e+00]])),\n",
       " (array([ 0.01085639,  0.07327679, -0.03914318]),\n",
       "  array([[ 1.23652088, -0.00800731, -0.00340895],\n",
       "         [-0.00800731,  1.25949889, -0.02144364],\n",
       "         [-0.00340895, -0.02144364,  1.24583734]])),\n",
       " (array([ 0.03667355,  0.02775985, -0.00765375]),\n",
       "  array([[ 1.24171422,  0.02414952, -0.015333  ],\n",
       "         [ 0.02414952,  1.2299706 ,  0.01869761],\n",
       "         [-0.015333  ,  0.01869761,  1.28343329]])),\n",
       " (array([ 0.02290736, -0.00652832, -0.00023429]),\n",
       "  array([[ 1.23374889,  0.00670274,  0.03990746],\n",
       "         [ 0.00670274,  1.25318109,  0.00758292],\n",
       "         [ 0.03990746,  0.00758292,  1.29947069]])),\n",
       " (array([-0.00456281, -0.02426702, -0.01157473]),\n",
       "  array([[ 1.27464932, -0.02076329,  0.01842641],\n",
       "         [-0.02076329,  1.29439069,  0.02213187],\n",
       "         [ 0.01842641,  0.02213187,  1.23146026]])),\n",
       " (array([-0.02826245,  0.02359863,  0.01200758]),\n",
       "  array([[ 1.24777806, -0.02077834,  0.04003625],\n",
       "         [-0.02077834,  1.27775871, -0.00129022],\n",
       "         [ 0.04003625, -0.00129022,  1.26115077]])),\n",
       " (array([ 0.02508172, -0.01957647,  0.00556127]),\n",
       "  array([[ 1.2670682 , -0.02432983,  0.04110841],\n",
       "         [-0.02432983,  1.25494617, -0.01693232],\n",
       "         [ 0.04110841, -0.01693232,  1.26773379]])),\n",
       " (array([ 0.0114879 , -0.00636648, -0.00174081]),\n",
       "  array([[ 1.24537276, -0.01063743,  0.01288016],\n",
       "         [-0.01063743,  1.25952225, -0.03740594],\n",
       "         [ 0.01288016, -0.03740594,  1.25208443]])),\n",
       " (array([ 0.03434362, -0.03022022, -0.0135151 ]),\n",
       "  array([[  1.23889200e+00,   1.23574708e-02,   2.81648292e-02],\n",
       "         [  1.23574708e-02,   1.26591540e+00,  -9.30083430e-04],\n",
       "         [  2.81648292e-02,  -9.30083430e-04,   1.25676775e+00]])),\n",
       " (array([ 0.00281114,  0.01807062,  0.00718113]),\n",
       "  array([[ 1.2348694 ,  0.02885778,  0.00418502],\n",
       "         [ 0.02885778,  1.27267126,  0.01990158],\n",
       "         [ 0.00418502,  0.01990158,  1.2579082 ]])),\n",
       " (array([ 0.02415203, -0.019989  , -0.01122525]),\n",
       "  array([[ 1.25658556, -0.00753074, -0.00186755],\n",
       "         [-0.00753074,  1.24693381,  0.01209578],\n",
       "         [-0.00186755,  0.01209578,  1.23809347]])),\n",
       " (array([ 0.01839771,  0.00149003, -0.00958616]),\n",
       "  array([[ 1.24708172,  0.01872419, -0.01811426],\n",
       "         [ 0.01872419,  1.2556579 ,  0.01951976],\n",
       "         [-0.01811426,  0.01951976,  1.24520303]])),\n",
       " (array([ 0.02419167,  0.01238857, -0.02182933]),\n",
       "  array([[ 1.24295307,  0.021239  ,  0.01010403],\n",
       "         [ 0.021239  ,  1.24636423,  0.02248056],\n",
       "         [ 0.01010403,  0.02248056,  1.26491465]])),\n",
       " (array([-0.01267164, -0.01332951, -0.008727  ]),\n",
       "  array([[ 1.28871126,  0.00388142, -0.01483339],\n",
       "         [ 0.00388142,  1.21123692, -0.01719972],\n",
       "         [-0.01483339, -0.01719972,  1.25905027]])),\n",
       " (array([-0.01605235,  0.02585461, -0.02652397]),\n",
       "  array([[  1.27279282e+00,   1.45594816e-04,  -1.30746887e-02],\n",
       "         [  1.45594816e-04,   1.21756274e+00,  -2.57288157e-02],\n",
       "         [ -1.30746887e-02,  -2.57288157e-02,   1.25504367e+00]])),\n",
       " (array([-0.01759978, -0.00211081,  0.02223794]),\n",
       "  array([[ 1.27308677, -0.02688572, -0.01273478],\n",
       "         [-0.02688572,  1.24735621,  0.02018386],\n",
       "         [-0.01273478,  0.02018386,  1.22805467]])),\n",
       " (array([ 0.03557705,  0.00996463,  0.01063964]),\n",
       "  array([[ 1.2368117 , -0.02168368,  0.00721647],\n",
       "         [-0.02168368,  1.27141727,  0.00509654],\n",
       "         [ 0.00721647,  0.00509654,  1.26399013]])),\n",
       " (array([ 0.02445038, -0.0325428 ,  0.01886031]),\n",
       "  array([[ 1.25388823,  0.00145137, -0.02020743],\n",
       "         [ 0.00145137,  1.25655617, -0.01823436],\n",
       "         [-0.02020743, -0.01823436,  1.23956469]])),\n",
       " (array([-0.03597602,  0.02840025,  0.00556096]),\n",
       "  array([[ 1.25148221,  0.01793963,  0.00953315],\n",
       "         [ 0.01793963,  1.25290464, -0.02727994],\n",
       "         [ 0.00953315, -0.02727994,  1.24555564]])),\n",
       " (array([ 0.02082521, -0.0096576 ,  0.01136053]),\n",
       "  array([[ 1.23570101,  0.01010615,  0.00598766],\n",
       "         [ 0.01010615,  1.25706176, -0.04038054],\n",
       "         [ 0.00598766, -0.04038054,  1.25939831]])),\n",
       " (array([ 0.02103153,  0.01062495,  0.05956959]),\n",
       "  array([[ 1.24523326,  0.01789775,  0.00372254],\n",
       "         [ 0.01789775,  1.25456998, -0.00372313],\n",
       "         [ 0.00372254, -0.00372313,  1.22943098]])),\n",
       " (array([ 0.01993954,  0.03631619, -0.01247115]),\n",
       "  array([[  1.25327567e+00,   1.32460658e-02,  -1.04060478e-03],\n",
       "         [  1.32460658e-02,   1.25807669e+00,  -1.72371973e-02],\n",
       "         [ -1.04060478e-03,  -1.72371973e-02,   1.26140069e+00]])),\n",
       " (array([ 0.0415265 ,  0.00089897,  0.00905032]),\n",
       "  array([[ 1.2796383 ,  0.01136257, -0.00213108],\n",
       "         [ 0.01136257,  1.24914004,  0.00432158],\n",
       "         [-0.00213108,  0.00432158,  1.24206434]])),\n",
       " (array([-0.00324857,  0.00973969,  0.00884217]),\n",
       "  array([[ 1.25759704,  0.00398919, -0.0210542 ],\n",
       "         [ 0.00398919,  1.24722598, -0.00245281],\n",
       "         [-0.0210542 , -0.00245281,  1.22890644]])),\n",
       " (array([ 0.0256273 ,  0.00483293, -0.03929365]),\n",
       "  array([[ 1.25196236, -0.01296006, -0.02978885],\n",
       "         [-0.01296006,  1.26244365,  0.00756008],\n",
       "         [-0.02978885,  0.00756008,  1.25191203]])),\n",
       " (array([ 0.04323156, -0.01826602, -0.02978972]),\n",
       "  array([[ 1.23356759, -0.00918965, -0.03627193],\n",
       "         [-0.00918965,  1.24348614, -0.00360578],\n",
       "         [-0.03627193, -0.00360578,  1.25676124]]))]"
      ]
     },
     "execution_count": 43,
     "metadata": {},
     "output_type": "execute_result"
    }
   ],
   "source": [
    "thetas0[::10000]"
   ]
  },
  {
   "cell_type": "code",
   "execution_count": 80,
   "metadata": {
    "collapsed": false
   },
   "outputs": [
    {
     "data": {
      "text/plain": [
       "[<matplotlib.lines.Line2D at 0x1742ce9fcf8>]"
      ]
     },
     "execution_count": 80,
     "metadata": {},
     "output_type": "execute_result"
    },
    {
     "data": {
      "image/png": "iVBORw0KGgoAAAANSUhEUgAAAewAAAFJCAYAAABZ+x49AAAABHNCSVQICAgIfAhkiAAAAAlwSFlz\nAAALEgAACxIB0t1+/AAAIABJREFUeJzt3XlAlHX+B/D3HNwDgjpqXiQoXWaIdpjitVq7lV1m0KHt\nmqVt54amtqspGmFmtZmZlmbr/krM7bJdt9bUSDxSEgvzljC1FAGVmQGG4Xl+fyADw9zPPDAzz7xf\n/zTPMQ8fvjG+53me7/P9qkRRFEFEREQBTe3vAoiIiMg9BjYREVEQYGATEREFAQY2ERFREGBgExER\nBQEGNhERURDQ+ruARmVlVbIeLyEhGpWVJlmPGarYlvJhW8qHbSkftqU8vG1HvT7Wq+Mr9gxbq9X4\nuwTFYFvKh20pH7alfNiW8mjtdlRsYBMRESkJA5uIiCgIMLCJiIiCAAObiIgoCDCwiYiIggADm4iI\nKAgwsImIiIIAA5uIiCgIMLCJiIiCAAObiIgoCCg6sCsu1GD3gTP+LoOIiMhnig7sv76zE299WowT\nZwz+LoWIiMgnig7s2rp6AMA5Y62fKyEiIvKNpOk1BUHAnDlzcPDgQYSHh2P+/PlITEwEAJSVleHZ\nZ5+17rt//35kZWXhvvvuk6diCb4/WIa+vTr47ecTERH5SlJgb9y4EWazGXl5eSgqKkJubi6WLl0K\nANDr9Vi9ejUAYM+ePXjttddw7733ylexBLV1gl9/PhERka8kBXZhYSHS09MBAKmpqSguLrbbRxRF\nzJs3D6+88go0mrafa1UQROtrtarNfzwREZGsJAW2wWCATqezLms0GlgsFmi1TYfbtGkT+vTpg6Sk\nJI+OmZAQLevk3/uOlVtfR0aFQa+Ple3YoYjtJx+2pXzYlvJhW8qjNdtRUmDrdDoYjUbrsiAINmEN\nAJ9//jkmTJjg8TErK01SSvHID4fLUFZW1WrHVzq9PpbtJxO2pXzYlvJhW8rD23b0Ntwl9RJPS0tD\nfn4+AKCoqAgpKSl2+xQXFyMtLU3K4WVRY7ZYX5edq/FbHURERHKQdIY9evRoFBQUIDMzE6IoIicn\nB+vXr4fJZEJGRgYqKiqg0+mgUvnv5nFUhKRfjYiIKCBJSjW1Wo3s7GybdcnJydbX7du3x2effeZb\nZT6KDGdgExGRcih64BQiIiKlUGxgi6LoficiIqIgodjAJiIiUhIGNhERURBQbGDzgjgRESmJYgOb\niIhISRQb2M3HEiciIgp2ig1sIiIiJVFsYEeGN00kovbjiGtERERyUGxgN8dnsomIKNgpNrBFJ6+J\niIiCkWIDm4iISEmUG9jNTquHXtPVf3UQERHJQLGBvedQmfV1n+7t/FgJERGR7xQb2CfOVFlfs88Z\nEREFO8UGdnMiu50REVGQC4nAZl4TEVGwU2xgN78MzrwmIqJgp+DAZkwTEZFyKDKwLfUCTpwxWJcZ\n3kREFOwUGdibvz+J/T9XWJcZ10REFOwUGdiG6jrbFUxsIiIKcooM7JaTczGviYgo2Ck0sG0Tu6bW\n4qdKiIiI5KHQwLZd/mjLUf8UQkREJBNlBra/CyAiIpKZVsqbBEHAnDlzcPDgQYSHh2P+/PlITEy0\nbv/hhx+Qm5sLURSh1+uxcOFCREREyFa0Wy1PsYmIiIKcpDPsjRs3wmw2Iy8vD1lZWcjNzbVuE0UR\ns2bNwksvvYQPP/wQ6enpOHnypGwFe0LNvCYiIoWRdIZdWFiI9PR0AEBqaiqKi4ut20pKShAfH49V\nq1bh8OHDGDZsGJKSkuSploiIKERJCmyDwQCdTmdd1mg0sFgs0Gq1qKysxJ49ezB79mz07NkTU6ZM\nQd++fTFo0CCXx0xIiIZWq5FSjp3oaPvL73p9rCzHDlVsP/mwLeXDtpQP21IerdmOkgJbp9PBaDRa\nlwVBgFbbcKj4+HgkJiYiOTkZAJCeno7i4mK3gV1ZaZJSikOffnPEbl1ZWZWDPckTen0s208mbEv5\nsC3lw7aUh7ft6G24S7qHnZaWhvz8fABAUVERUlJSrNt69OgBo9GI0tJSAMDu3bvRp08fKT9GsipT\nnfudiIiIgoikM+zRo0ejoKAAmZmZEEUROTk5WL9+PUwmEzIyMvDiiy8iKysLoiiif//+GD58uMxl\nExERhRZJga1Wq5GdnW2zrvESOAAMGjQI69at860yIiIislLkwClERERKw8AmIiIKAgxsIiKiIMDA\nJiIiCgIMbCIioiDAwCYiIgoCDGwiIqIgwMAmIiIKAgxsIiKiIKDIwFarOCE2EREpiyIDm3lNRERK\nw8AmIiIKAooMbMA+sUVR9EMdRERE8lBkYDs6wz54/FzbF0JERCQTRQa2IzV19f4ugYiISDJFBvZl\nPeL9XQIREZGsFBnYtw5KtFt3wWj2QyVERETyUGRgazT2v5YgsNMZEREFL0UGtqOnuiLCNW1eBxER\nkVwUGdiO8LEuIiIKZiEU2P6ugIiISDplBraDa+JqNYc/IyKi4KXMwHaAE4IQEVEwU2Rgqxx2OyMi\nIgpeigxsR9jpjIiIglkIBba/KyAiIpJOK+VNgiBgzpw5OHjwIMLDwzF//nwkJjaNLrZq1Sp89NFH\naN++PQBg7ty5SEpKkqdiDzi6XS2CiU1ERMFLUmBv3LgRZrMZeXl5KCoqQm5uLpYuXWrdXlxcjAUL\nFqBv376yFUpERBTKJAV2YWEh0tPTAQCpqakoLi622b5v3z4sX74cZWVlGD58OCZPnux7pT7iJXEi\nIgpmkgLbYDBAp9NZlzUaDSwWC7TahsPdeuutuP/++6HT6fDEE09g8+bNGDFihMtjJiREQ6uVZ/jQ\nczUWu3WXdIqFXh9rt37x2iKcqTSh8kINFjyRjpioMFlqUBpHbUfSsC3lw7aUD9tSHq3ZjpICW6fT\nwWg0WpcFQbCGtSiKeOihhxAb21D0sGHD8NNPP7kN7MpKk5RSPD5WXW0dysqqbNYJgoivdpZal7/a\nVoIh/S6RrQ6l0Otj7dqOpGFbyodtKR+2pTy8bUdvw11SL/G0tDTk5+cDAIqKipCSkmLdZjAYcNtt\nt8FoNEIURezcubPN72VX1zadYSd3jQMA/FphH+ItO6KxYxoREQUqSWfYo0ePRkFBATIzMyGKInJy\ncrB+/XqYTCZkZGTgL3/5CyZMmIDw8HAMGjQIw4YNk7tul85UVltfHz11AQDw5c7jGJ7azWY/u/va\nzGsiIgpQkgJbrVYjOzvbZl1ycrL19Z133ok777zTt8p84eCxrtPNQryRpV6wWWZeExFRoFLkwCme\nDkxqqbeN6GOnzstfDBERkQwUGdhhWs9+rZYTghz6hYFNRESBSZGBfXVSB4/2E1rcxB59bY/WKIeI\niMhnigzs2OhwvDfrJiybOtzlfoLQ4q41R1chIqIApcjABoCO8VFuL41XVNXYLDOuiYgoUEnqJR6M\nIsJsR1H7aMsRbNhx3GYdT7CJiChQKfYMu9G44Q2Pm9011Ha2sJZhTUREFMgUH9hxMeEAgKjwpjPs\nk2eNDvdt2QmNiIgoUCg+sBuf3GqMYnNdPWa9u9Phvv/b9UvbFEVEROQl5Qf2xWFUxItnz9/+8KvT\nfc+er3G6jYiIyJ8UH9hocYZdzlAmIqIgpPjAto5ldjGx//ud885m9wxPdrqNiIjIn5Qf2BdvYnvS\nnaz4WHnrFkNERCRRCAR2w39FD3qAHzh+rpWrISIikkbxgd2IT2wREVEwC5nANtXU+bsEIiIiyRQf\n2Dv2nQYAfPJtiZ8rISIikk7xgf1bhcnfJRAREflM8YFNRESkBIoPbJXKdvn31/f0TyFEREQ+UHxg\nt7s4+UejyqpaP1VCREQkneID+5ZBiQCAG67qDADY+dNpf5ZDREQkieIDOypCCwBI0EX4uRIiIiLp\nFB/Y6sahSTlwChERBTHFB3ZjpzPBRWI/M65fG1VDREQkjeIDu/EM21Vgd4iLbKtyiIiIJJEU2IIg\nYPbs2cjIyMD48eNRWlrqcL9Zs2bhlVde8alAX6ncXBJPiI3waCYvIiIif5IU2Bs3boTZbEZeXh6y\nsrKQm5trt8+aNWtw6NAhnwv0lavZuub86VosenwwOsVHWddVXKhpq9KIiIg8JimwCwsLkZ6eDgBI\nTU1FcXGxzfbvv/8ee/fuRUZGhu8V+khlvSRuuz4hNgI9O8cCAMLDNNb1c1ftarPaiIiIPKWV8iaD\nwQCdTmdd1mg0sFgs0Gq1OHPmDJYsWYI333wTGzZs8PiYCQnR0Go17nf0gl4fi9qLQR0RoYVeH2vd\nNiytu81yoypTncP1oY5tIh+2pXzYlvJhW8qjNdtRUmDrdDoYjUbrsiAI0GobDvXf//4XlZWVePTR\nR1FWVoaamhokJSXh7rvvdnnMykp5J+nQ62NRVlaFcxePW11tRllZlXV7l/hIm+XmnK0PVY1tSb5j\nW8qHbSkftqU8vG1Hb8NdUmCnpaVh8+bNuOWWW1BUVISUlBTrtgkTJmDChAkAgI8//hjHjh1zG9at\nyfpYl2C7Pkyr+A7yRESkIJICe/To0SgoKEBmZiZEUUROTg7Wr18Pk8kUEPetm7P2Em/RF7ybXudo\ndyIiooAkKbDVajWys7Nt1iUnJ9vt588z60aNk3W17CTevGc4ERFRoJMU2MGk5XPY7WLCERmh+F+b\niIgURvE3cq3PYV+8JC6KIlQu9u/WMab1iyIiIvJSCAR2QzyfOtvQq11EU4g70qEdhyklIqLAEwKB\n3fDf46cNEEQRotgU4o50Tohuo8qIiIg8p/zAbvY6e9Uu1NbVu7wkHhUh7+AtREREclB8YDd3/LQB\ndRYBjhJ70m1XAAAiw9khjYiIAo/yA9vB5W+Vg8Tetf8MAGDt5iOtXhIREZG3FB/Yji5/nygz2K3b\ne7S89YshIiKSSPGB7fKGNRERUZBQfGB7mtdjhyW1ah1ERES+UH5gO7iHndQ1zm7d5YkJTrcRERH5\nm+ID2xGN2j7EfytvmIbz2KkLAABzXT2OnDgPseUg5ERERH6g+MB2NEaKo8AWWgTzu//ej5x/FqLo\n8NnWKo2IiMhjig9staPHuhysq66x2CzvPtDwmFfpaU7qTkRE/qf4wI5yMDOXqUU4A0BdveDw/UVH\neIZNRET+p/jAdsTRWXNtnePAPn7agHrB8TYiIqK2EpKB7chlPeKdbjtXZW7DSoiIiOwxsC9K6dEO\nANAhLgJ1lnqbbewpTkRE/haSgd2/T0e7dY0d0TolROP7Q7b3rU21Fvx4rBzGmro2qY+IiKilkJya\nKjLcfgpN9cVHvURRxHmj7SXwee/vRr0gIrFLLF7447VtUiMREVFzIXmG7eixrsbHvwRBxJqvD9ts\nqxcaLomX/sZHvIiIyD9CMrAdPZvduJ79wYmIKBCFZmA7+a1VKkAU2MGMiIgCT0gGtqNL4kDDpe+j\npy7glhsSnb63utZ+0BUiIqLWFpKB7eySeKMu7aOdbjt84rzc5RAREbkVkoH9/eEyl9udXTIHgJ9/\nvSBzNURERO5JCmxBEDB79mxkZGRg/PjxKC0ttdn+5ZdfYuzYsbjnnnvw/vvvy1KoL+5K72WzfN7g\neuSyH49VON2292i5LDURERF5Q1Jgb9y4EWazGXl5ecjKykJubq51W319PRYtWoRVq1YhLy8PH3zw\nASoqnAdgW+jZOdar/Xf+dNrpNnOLUdCIiIjagqSBUwoLC5Geng4ASE1NRXFxsXWbRqPBf/7zH2i1\nWpSXl0MQBISHh8tTbQD4XVp3f5dAREQhSFJgGwwG6HQ667JGo4HFYoFW23A4rVaLr776CtnZ2Rg2\nbBiioqLcHjMhIRparf0IZL7Q6xvOrNuVGZ1ua65nl1hUXqhFlcn5JfPPC37GuJsul6/IIOGovUga\ntqV82JbyYVvKozXbUVJg63Q6GI1NISgIgjWsG910000YNWoUZsyYgU8//RRjx451eczKSpOUUpzS\n62NRVtYwMll8lP2v2bitueMejGR2zlDr8L1K1rwtyTdsS/mwLeXDtpSHt+3obbhLuoedlpaG/Px8\nAEBRURFSUlKs2wwGAx588EGYzWao1WpERUVB7arbdRuI10Xg7axhfq2BiIjIF5LOsEePHo2CggJk\nZmZCFEXk5ORg/fr1MJlMyMjIwJgxY/DAAw9Aq9Xisssuw+233y533V4LD5P3cjsREVFbkhTYarUa\n2dnZNuuSk5OtrzMyMpCRkeFbZQEqY2Rvf5dAREQhKCQHTvGF6GSo8TfW/YClnxY73khEROQjBrYL\nl/eMt1sntkjs0t+qcPjEORQdOYtdB860VWlERBRiJF0SDxVxMfbPjwvNAru61oK5q3bZbK+utSAq\ngs1KRETy4hm2C46GKG0+++apcvvnu4tL/DuqGxERKVNIBvYdQ3q53wmAozm9vt79i/W11sHjapUX\naqSWRURE5FRIBnbfXu092s/kYO7rC6Y662uNxj7SS0/bPjR/3mjGkZOckpOIiHwTUoH9zLhrcGPf\nLujVNc6j/dP7XeJy+4kzBrt1qX30NsvT396GnNWFuOBiuFMiIiJ3Qiqw+yV3wKTbroRa5ehiN9Cz\ns85m+Y9/cD1m+PL1P9mt++nnCpue5OY6AQBQeaHW23KJiIisQiqw3cnKSLVZVjkI9mg3PcC/KTqF\nA6WVdus/LyjxrTgiIgppDOxmYqPdTwNqqrXgnMH12fK+n+0D21LvZMQVIiIiDzCwPdT88viKf+93\nue//mvUkb3TzdT1kr4mIiEIHR/hw48VHrsfeI+W48tIE6zpDdZ2LdwDd9TGorKpFQmyEdV0F72ET\nEZEPeIbtxiUdYvD763uiurbeuq7UzbzZJb9WIWtJgc26lf9xfVZORETkCgO7hQEpeofrO8VHeX2s\nnT+dtlkuP89BVYiISBoGdguR4Q3zZneIi7RZHxZm31Rx0WEuj7Xs8302yz+7OTMnIiJyhoHtIUfP\nbg+4rBMA4PG7rsa8Sde7PUb5+WrZ6yIiotDAwG5Bn9Bw6bu7PsblfobqOmzecxIA0D4uAt06ut4f\nAIqOnPW9QCIiCknsJd7CH67viZjIMFx/ZWeX+2U3m1az/HwNel3ifrjTwVe7HuqUiIjIGZ5htxCm\n1eB3A7pDF+X6/vTZZh3ILusZDwAYek1Xl+/RatjcREQkDRNEBo1BPHpgd5f7WeoFCKKIOouAekFo\ni9KIiEgheElcBo2TfdQLjocfTeneDodOnMexUxdsRkm7f1QfjBrIEdCIiMg9nmHLIDK84XtP+QXH\nz1k3hnJjJ7VGH2w83LqFERGRYjCwvTBueLLD9Wp1wyNfcQ4mD7mkQzQ0GsfTeRIREXmKge2FP9yQ\n6HJ7Y3ADwPMPDsAViQmYO/E6hLGzGRER+Yj3sGXU/uJkH931OvTu3g7T7usPgL3DiYjIdwxsGbXT\nRSB3yiDEx9heGtdqGdhEROQbSUkiCAJmz56NjIwMjB8/HqWlpTbbv/jiC4wbNw6ZmZmYPXs2BAU9\nwnTfqD4ut3eKj0J4mMZmnbtL4pZ65bQPERG1DkmBvXHjRpjNZuTl5SErKwu5ubnWbTU1NXj99dfx\nj3/8A2vWrIHBYMDmzZtlK9jfRkt4DEvrotPZzOU78OjCLbhgNPtSFhERKZykwC4sLER6ejoAIDU1\nFcXFxdZt4eHhWLNmDaKiGsbktlgsiIiIkKHU4OXqHvbpChMA4JnFW9uqHCIiCkKSAttgMECn01mX\nNRoNLBZLwwHVanTs2BEAsHr1aphMJgwePFiGUgPTbTde6nYfdjojIiJfSep0ptPpYDQarcuCIECr\n1dosL1y4ECUlJVi8eDFUDqambCkhIRparcbtft7Q62NlPZ4jk8de43YfbaTrcckbtUW9UgVybcGG\nbSkftqV82JbyaM12lBTYaWlp2Lx5M2655RYUFRUhJSXFZvvs2bMRHh6Ot956C2q1Z2eXlZUmKaU4\npdfHoqysStZjOuLJzzDV1NksL582HI8u3CLpWP7QVm0ZCtiW8mFbyodtKQ9v29HbcJcU2KNHj0ZB\nQQEyMzMhiiJycnKwfv16mEwm9O3bF+vWrcPAgQPx0EMPAQAmTJiA0aNHS/lRitDykrizS+SnK03o\nnBDdFiUREVGQkRTYarUa2dnZNuuSk5uG7Txw4IBvVQW4iDANauvqPd6/eUDfdK3zXuYv/qMQbzyd\n7lNtRESkTOwNJcGix28EAIwdluTR/s2HLM0Y2dvpfobqOqfbiIgotDGwJYiODMPKGSNx66BLvX5v\nYwe83Mk3yFwVEREpGYcmbSNZGakwNut81jE+yuF+oijCUF2HWAczfxERUejiGXYbuapXe1x3RWfr\nslqlwoSbL7Pb7+EFm/H0G1tR+ht7bBIRURMGth8N798NK2eMdLhtxb9/cvt+c109JuZuwsTcTXKX\nRkREAYaXxAPA3UOT8HH+MZt1J8qMTvZumCzE0XPcRESkXDzDDgCOhjd1NeQpw5qIKPQwsAOUVu1+\nONfmXv7ge9QraBpTIiKyxcAOUJ9uLfFqnuwDx8/ho81HW7EiIiLyJwZ2APP20vdXu35pnUKIiMjv\nGNgBbmLuJoii6O8yiIjIzxjYQeDhBZtxoswAANhzqMzP1RARkT8wsIPE7BXfAQAWf/yjdd28h6+z\n2+/g8co2q4mIiNoOAzuIPPX3b22WO7e3n4pzwQd72qocIiJqQwzsANG/T0cAwP2j+jjdp+VsXhq1\nCm88nY5+yR1atTYiIvI/BnaAeHTMVXhqbD+MSOvm8XtUKhV0UWF4Ztw1rVgZEREFAgZ2gIgI1yC1\nT0do1Go8/+AApPSI9+r90zJTW6kyIiIKBAzsANS7ezvMeCANzz84wOP3XJaYYH1deLAMy9fvw6/l\nzscjJyKi4MLJPwJYN32M020v/PFam2W1qmko0yWfNPQkP3bqAnInD2qd4oiIqE3xDDuARUVo8c5z\nw+3Wt9OFI7FLrNv3n6msboWqiIjIHxjYAU6jtv9fdN5g9kMlRETkTwzsIJTau6O/SyAiojbGwA4C\nmotTbb74yPX4XVp3PHbnVR6/t+wcL4sTESkBAzsIvD11GP7+1BBc0iEGD9yUgjCtxuF+7XThduum\nv729tcsjIqI2wMAOAhq1GrHR9mHcUl2d5/NnExFRcGFgK8j8R663W5cxsrcfKiEiIrkxsBUkXheB\nZo9jAwC+LjyB3ypMKD9f45+iiIhIFpICWxAEzJ49GxkZGRg/fjxKS0vt9qmurkZmZiaOHj3qc5Hk\nubezhmHaff2ty2fP1+D55Tswbek2P1ZFRES+khTYGzduhNlsRl5eHrKyspCbm2uz/ccff8QDDzyA\nX375RZYiyXNhWg2uSEzAU2P72W1rOdsXEREFD0mBXVhYiPT0dABAamoqiouLbbabzWYsWbIESUlJ\nvldIkuiiw+zWCaLoh0qIiEgOksYSNxgM0Ol01mWNRgOLxQKttuFwAwZ4PmlFo4SEaGidPK4klV7v\nfvhOpdr3y3m7deXGOiQnSps7O5TbUm5sS/mwLeXDtpRHa7ajpMDW6XQwGptmghIEwRrWUlVWmnx6\nf0t6fSzKyqpkPWYwOVhy1m7dvBU7sXLGSK+PFeptKSe2pXzYlvJhW8rD23b0NtwlXRJPS0tDfn4+\nAKCoqAgpKSlSDkOt6I4hvfxdAhERyUjSafHo0aNRUFCAzMxMiKKInJwcrF+/HiaTCRkZGXLXSBJo\n1GqsnDESxpo6PPn6t/4uh4iIfCQpsNVqNbKzs23WJScn2+23evVqaVWRbGIiw5CWosf3h8oAAPWC\n4HAGMCIiCmz8lzsETLmjabKQHftO+7ESIiKSioEdArSapv/NK/6934+VEBGRVAzsEMTnsYmIgg8D\nOwRNWrAZH248bF221AuoMpn9WBEREbnDwA5R/9vdNGzsowu34Ok3tmLhh3v8WBEREbnCwA4Ry6YO\ns1s3MXcTnn6j6ZGv/aWVeOmfhRB5yZyIKOAwsENEmJNhX6tMthOCHD5xHg8v2AxTDScKISIKJAxs\ncmjGsh3+LoGIiJphYIeQxc+ke7wvp+IkIgosDOwQEhMZhhXTR/i7DCIikoCBHWJUKhXeenao3fon\n777aD9UQEZGnGNghKDJci9efHGKzLj42AvMnXW+z7qPNR9qyLCIicoGBHaLiYsJtlnt00qFrxxi8\n+UzT2feGncfx6toir3uMV9da8FuFCcdPV8FUY5GlXiKiUCdpti5ShpUzRmJi7iYATeONR0fa/kkU\nH6vAB18eRG1tHa67ohMu7RLn9riPv5Zv93OIiMg3PMMmtz7LP4r/7jyO7FW7Jb2/4kKNzBUREYUe\nBnaIWzF9hFdnwFlLCjBrxU6n2x1NLDJ7xXeSaiMioiYM7BCnUqns1rl69KuyqhYny4z48rvjDrdP\nWrDZbp2plvexiYh8xcAmO45CvKW8TUewfd9vePL1fM70RUTUBhjYJNk763+CscaClz9omOXruaXb\n/FwREZFyMbDJoRXTR+ClR2/waF+NpuGM/Oz5ps5lT469GoseH9wqtRERhSIGNjmkUqnQuX00lk0d\nbl03akB3h/uKIrDzp9M26/r30SMhNqI1SyQiCil8DptcCtOq8fkrt6P0RCViIsMwvH83/O1d217i\nv5wxYNnn+/xUIRFRaOAZNrmlUqkQExkGAOjaMQbXXt7J4/f2uiQW4Vr+mRER+Yr/kpLXHruzr8f7\nlvxaBbNFwPbi31qxIiIi5WNgkyR3DU2CLirM4TZHA7G888VPrV0SEZGiMbBJkjE3Xoo3nk7H4Ku7\n2Ky/IjHBTxURESmbpMAWBAGzZ89GRkYGxo8fj9LSUpvtmzZtwtixY5GRkYG1a9fKUigFpodvvdJm\necLvL7NZbn4Wnr/3VJvURESkRJICe+PGjTCbzcjLy0NWVhZyc3Ot2+rq6vDSSy9h5cqVWL16NfLy\n8nD27FnZCqbAM2pgd4Rp1ViaNQydE6Jttr3xdLr19aoNB9q6NCIixZAU2IWFhUhPb/iHODU1FcXF\nxdZtR48eRc+ePdGuXTuEh4djwIAB2LVrlzzVUkC6f1QKlk0djogwjdt9J+ZuwtGT5zExd5N1ak8i\nInJP0nO02sruAAAVvklEQVTYBoMBOp3OuqzRaGCxWKDVamEwGBAbG2vdFhMTA4PB4PaYCQnR0Grd\n/4PvDb0+1v1O5BFf2vLq5I748WjTVZYXVxfaHFcURY/GL29NgiDijmmfAwDWL7qjVX8W/y7lw7aU\nD9tSHq3ZjpICW6fTwWg0WpcFQYBWq3W4zWg02gS4M5WVJimlOKXXx6KsrErWY4YqX9sy+ZJYm8Bu\nbkzWZ9bX3kzzKbe5q5quAt0+9TOsmN46tfDvUj5sS/mwLeXhbTt6G+6SLomnpaUhPz8fAFBUVISU\nlBTrtuTkZJSWluLcuXMwm83YvXs3+vfvL+XHkELcfF1Pj/bbc7islSsBRFFE/t5TqDXXW9edPVeN\n0t+qmu0D/FYh7xdIIiJfSTrDHj16NAoKCpCZmQlRFJGTk4P169fDZDIhIyMDM2bMwMMPPwxRFDF2\n7Fh07txZ7ropiESEe3arY/G/fsSbz6Rj6Wf70K1jDDJ/10f2Wh6+OF/3qg0H0OuSOJT8esHhfs8v\n3+HXM34iopYkBbZarUZ2drbNuuTkZOvrkSNHYuRI/mNH3nvi9W8BAPtKKjD0mq7o2jFGtmO37OTm\nLKwbVddaEBXh/CPSeDwlBPs5Qy3yi07hmt4dERGuQZf20e7fRERtigOnUJuY8UAa7h/VB39/aojH\n72k5yYhUhQfPSOqR/vhr+U637SupsL4uLimXVFcgefbNAny6tQRzV+3C88t3+LscInKAgU1tIqVH\nPEYN7IHY6HC89OgNeOjiACtvPJ2Oh2+9wun7Cg+ecXlcS70AQRAhiCK+238ahuo66zZDdR1WbTiA\nJZ8UuzgCcPvgS/Hu9BFenSkvyiuyvq6prXexZ+B7Y90Pduu2Ff/qh0qIyBVOr0ltrnP7aHRuH41h\nqd0AADf27YIV/97vcN/mYTtqYHfcP6qpg6OlXsCjC7fYvacxeJ/6+7dua0lL0ePO9CTrcjd9DE6W\nNT3lUFtXj5nLtmNE/26oqq7DuOHJUKttH0F769Nij8K+8Sz/pck32A0w4w+iKMJcJ6DoiH0P/ne/\n2I8b+17ih6qIyBkGNvldy2ewX31iMJ59s8Buv427T6B/Hz266WMQGxWGw7+cc3pMU02d3brLesTj\nmXHXYO2WI9j8/UkAQIIuwmafeQ9fD2NNHZ68eC/9sUXfAAA++bbEWoMjju53N78M/85zw62vZy7z\nb4e25r+fK8Ul5dDHR6FzQrT1d3n1icGIb9FmRNQ2GNgUcOKiw51uW/jhHrfvd3a/evoDaQCAzJF9\nrIH9wE0pdvs1zv3tjcdfy8eyqcMR5mTu70de3uL1MeVSXWuBIIqIDNfAUG3Bu05mTnt3+gio0NST\n/tW8vXb7NH6RGn9TCkakdW+1monIHgObAsLyacMx9a1tuPGqLnaXnOUWplXLcob7zLhr8PpHTaE2\n+ZUteOzOvrj28k4oPOj6mfJfy43YdeAMrk7qgF6XxPlciyuuOs81p/ZitLnVXx3Chp3HMW5Eb/Tv\n0xFaDbvDELU2fsooIGg1arz+5BDcO7I3gIYADyRX9Wpvt65fcgc8/+AAm3VLP224577kkx9dHu+v\n7+zEp9+WYN77u2GpF+QrtIW9Du5PO7Ji+gjr63uGJ7vYs8nZ8zVY+mkxHl24hePCk2SiKOLEGQNE\nUbRZf/B4JeosrffZ8Eb5+RpMzN2ER17e7Nc6eIZNAUmrUWPF9BHWy7OuvDxlEDQaNbKW2N/3bpQ7\nZZBXP//uoUn4OP+YdTkrIxWG6jrUCyLaxTRdsu/dvZ1Xx3Xk0YVbWu2e9psfO//isGL6COz7uQIq\nqGz6EdxyQyISu8Ri0ZqmnvDdOsbg5Fmjo8NYTczdpIhn0oPZoV/OIff/vgfQ8Dfb/GmGRu9OH+HV\n1ZTW8tir39iMOAgAf5swEFERGvz1naZHOn39mzJU16G61oK4mHBUmczoEBeJcwYzVn95EE+Ovdrt\nPAaiKGLa0m0AgPqLT6T4q/1UYsuvNX4i9zi2HBtXPv5sy8Yzt8fvuhpLPvkR0RFaJHaJxf7SSgDA\nU2P7IbVPRwANH6yz52sw/e3t6NguEmfP12DJX4a6HPzElZNlBsxa8R1efmwQOraLcrpfy97q9wxP\nxrotRwE0zAf+6hOD8ejCLRhwmR5/HNMXT77i+EvI608NcXn/3lN1lnpMfuUbl/v0TWqPZ+9Nlfwz\nnJ1Rr5wxEpVVtYgI0yA6snXPB/gZb1J05KzDx/Oc6d+nI54c2w8f5x/DF9t+xtxHB+GSdhFtcmtD\nEEXs2n8Gyz7f59X7lk8bjn9+dQj5e09Z17UM81/LjTZh7ym1SgXhYhQ2P6ajv3NXXyBaeyxxBja5\nFQiBHShnBa44+nAvfXaYzdCsen2szYQnLclxhuqojisSE2CsqUNWRipiZfhSADScuZw3mjHLyQA3\ncdFhmP/IDdBFed+JzxOh/hn/8Vg5Xltr3zHQF83//rbsOYl/fHkQb2cNQ3iLqXMFQcSKf+/HyAHd\nEBWutY5IWGO2QKtROwz+tz8rxnf7XY+rINWyqcNQdKTcekvKF7MeGoh6QUTxsXJ8XvCzzTZ3n08G\ntkSh/mGWkz/bsspkhqnGgs5BMFSmJ9/G9fpYnDx1DlMWfYObru2Br3b94nJ/uep457nh0Khb7+zJ\n1T3s5dOGt8qZWyh/xt31GXj8rr4w1lgQGxWGxR//iD/f2Rcd2kVi3vu73R571IDu2Fjo+PFFZ/50\ny+V47z8HvHpPo79NGIikrnE2v9O0+/p79ERIW1oxfYTby+cMbIlC+cMsN7alZzbvOYnVXx60Weco\nsJu3Zct/eHt21mHOn66TXMO+kgq7+5ZtcV958b9+wJ7Dzju4tUYNSvy7FEUR5Rdq8NzS7QAavmht\n/v4kNuw8jkWPD4Yoim77dbhr6+OnqzDnvV0u92kLf7rlcqT362pdrhcE6+OPzX+Hlrec2sWE449/\nuBx/d3IL4IrEBNw9LAm/nDbgyksT0CkhGobqOsREaqFSqVBZVYusJQUYc+OluGtoEopLyvFq3l78\n6Q+X470N9l86vPmyy8CWSIkfZn9hW3qm5SVKR5fxW7Zlda3F7rErX8Kt+ReArh1j8Oc7+8o6gYon\naswWLPhgj82UpQxs9wRBxCQveyF308dAo1LhhT9d6/bsz5WI6Ag8MHuD5Pd76sm7r0b/FL2sx2z5\npdeXv7VVG/Yjf2/DsLwj+nfD4KsvQVJXzx+7ZGBLpLQPsz+xLT237+cKa+9qR/9wOGvL5v/otLzv\n7amCH3+1GeLV3z22T1eYMPPiRCKuajl4vBILPtiDaZmp6NMjHr+Vm9C9k87t8ZXwd9l4tvfmM0Px\nxOuePS/fnFz/jxvbsvnfYeOxLfUCPth4GIIgYPzNl2HdlqO4tEscTDV1uP7KztYZ9gD7y8b5e0+h\nS/totI+LQLuYCKcDC/nKUi+g7Fw1LunQtl9OW2JgS6SED3OgYFvKx1lbvvzB9zhwvGmo1buGJmHM\njZfa7XfBZEaV0YxuettAa3mWMW/S9ejWxmfWjjTWlfm7Prjp2h52209XmjBzmf3sYJ3io9w+itey\nLWcu247TldV497kR1sF3Gn++1C9BreH55TvwW4XJp2PI3QnTl8/4u1/8hE7xUbh9SC/Z6glWrR3Y\nfA6bKABMu6+/zb3JT/KP4ZP8Y5jzp2vRuX00wjRqCKKIZ97YCgC4vGc8Jt9+FSLDtQ6DKBDCurk1\nXx/Gmq8PAwCWZg1DxMVex47CGgDOnKv26vi1dfU4Xdnwnkkvb8YTd19t8wz6Y69+4/Js9Oy5aqzd\nchSTb7/S4/uVphoLwsMaekSX/laF88Za9Evu6PZ97sJ64WM3okO7SAANv5epxmI3xkAgPTEx6bYr\n/V1CyOAZNrnFtpSPq7Zs3unGkdTeHR3OrPXOc8Nt3udJb9a2suSTHx0O07pyxkgIoohJbjpQPX7X\n1bi0SyymLd2GR2+/Ejdc2cW6rXlbejrSmrPQbv5+T3q1O/t5s/84EJd2cXzP85yhFjOX7UBtnevp\nWF3VeFd6L4wZLP+ZLD/j8uAlcYn4BygftqV83LVl85GqpPD3fWtHPAnTluOyO9P4CBDQ1JYlv17w\n6HElAJj5YBr6dI/3qL6VM0bCXFeP8gs1aBcTjujIMJw9X43Pt/6MrT96Pl+4sy9aK6aPwJGT59G7\nWztY6gVMfuUbvPbkEJuR9NoKP+Py4CVxohCS0iPe/U5B5vfX9cR/vzvucp9+yR2sXza+/O448jYd\ncbjf/H/stjkDLj9f4zasr+rVHvtKKgAAL/3ze6ycMRKmGgtUKtcTo4iiiCmLXI8Y5wlHYT3oqs5Q\nqVTWLw9hWk1AftmiwMIzbHKLbSkfT9vys60l+Pf2UocTg7Qc57y5QP1Hf/u+39AvuQPOG8z4W4uR\n0RY9PhgJsfZzbLs7M39h0g2Y+67tPfAV00fgTGW1zUA7oihi1orvcMrNWOhSrJwx0uuJT1585Hq/\n92ZuiZ9xefAMmygE3TGkF24ffCkeXrAZuqgwGKrrrNtuHZToNLAD1aCrGu49x0SGoUNcBMov1AIA\nhvfv5jCsAWDc8GR8dHFM9lf+fCOmvrXNZnvLsM6dMggqlcpuVDyVSoX5k653GayNHeGOnDyPnNWF\nbn+fMK0ay6YOB2D/JclUY0H2+7uQPfE6PL14q3WCi0D9MkXBg2fY5BbbUj5yt6Ucz2+3tcbRul74\n47VI7OL5GcbZc9V47u3tDrd5EoY1Zgv+/Kr9JfCW7XbqrNHmKsBbzw61ed/SrGHQqFWKmgOcn3F5\nsNOZRPwDlA/bUj5yt2Xjc8zNHwVSsj2HyrC4xZSh3oxVfvTUebz4j4Yz6Kfv6Ydrejt/DMtQXQe1\nCoiObJi8ZGLuJvTp3g4zW8yBrgT8jMuDl8SJyKnOCdEhdam1f4oeK2eMxM6fTqNjhxgkd3Y/Ilpz\nyV2b5i+/rKfrDn4tZxkLpXamwMTAJqKgc/2VnSWfFa6cMRKiKAbMs+pEnlLOTRgiIg8xrCkYSQrs\nmpoaPPnkk7j//vvxyCOPoKKiwuF+FRUVuPnmm1FbW+tTkURERKFOUmB/+OGHSElJwQcffIA777wT\nb731lt0+3377LSZOnIiyMvthCYmIiMg7kgK7sLAQ6enpAIChQ4di+3b7Ry3UajXee+89xMcrb+Qm\nIiKitua209lHH32E999/32Zdhw4dEBvb0B09JiYGVVX2HT8GDx7sVSEJCdHQauV9htTbLvPkHNtS\nPmxL+bAt5cO2lEdrtqPbwB43bhzGjRtns+6JJ56A0dgwzJ/RaERcnOPZabxRWenb/LAt8blC+bAt\n5cO2lA/bUj5sS3m09nPYki6Jp6Wl4ZtvGgbFz8/Px4AByhtIgIiIKJBICuz77rsPhw8fxn333Ye8\nvDw88cQTAID33nsPX3/9tawFEhEREYcmJQ+wLeXDtpQP21I+bEt5BOQlcSIiImpbDGwiIqIgwMAm\nIiIKAgFzD5uIiIic4xk2ERFREGBgExERBQEGNhERURBgYBMREQUBBjYREVEQYGATEREFAbezdQUb\nQRAwZ84cHDx4EOHh4Zg/fz4SExP9XZbf7d27F6+88gpWr16N0tJSzJgxAyqVCn369MELL7wAtVqN\ntWvXYs2aNdBqtXjssccwYsQI1NTUYNq0aSgvL0dMTAwWLFiA9u3bo6ioCC+++CI0Gg2GDBliHU/+\nzTffxJYtW6DVavH888+jX79+fv7N5VNXV4fnn38eJ0+ehNlsxmOPPYbevXuzLSWor6/H3/72N5SU\nlEClUmHu3LmIiIhgW/qgvLwcd999N1auXAmtVsu2lOiuu+6CTqcDAHTv3h1TpkwJnLYUFebLL78U\np0+fLoqiKO7Zs0ecMmWKnyvyv+XLl4u33XabOG7cOFEURXHy5Mnijh07RFEUxVmzZolfffWVeObM\nGfG2224Ta2trxQsXLlhfr1y5UnzjjTdEURTFL774Qpw3b54oiqJ4++23i6WlpaIgCOKkSZPEffv2\nicXFxeL48eNFQRDEkydPinfffbd/fuFWsm7dOnH+/PmiKIpiZWWlOGzYMLalRP/73//EGTNmiKIo\nijt27BCnTJnCtvSB2WwW//znP4s33XSTeOTIEbalRDU1NeIdd9xhsy6Q2lJxl8QLCwuRnp4OAEhN\nTUVxcbGfK/K/nj17YvHixdblffv24brrrgMADB06FNu2bcMPP/yA/v37Izw8HLGxsejZsycOHDhg\n055Dhw7F9u3bYTAYYDab0bNnT6hUKgwZMgTbtm1DYWEhhgwZApVKha5du6K+vh4VFRV++Z1bw+9/\n/3s8/fTTAABRFKHRaNiWEo0aNQrz5s0DAJw6dQpxcXFsSx8sWLAAmZmZ6NSpEwB+xqU6cOAAqqur\nMXHiREyYMAFFRUUB1ZaKC2yDwWC9nAEAGo0GFovFjxX538033wyttunuhyiKUKlUAICYmBhUVVXB\nYDAgNrZp5piYmBgYDAab9c33bd7G7tYrRUxMDHQ6HQwGA5566ik888wzbEsfaLVaTJ8+HfPmzcOY\nMWPYlhJ9/PHHaN++vTUoAH7GpYqMjMTDDz+MFStWYO7cuZg6dWpAtaXi7mHrdDoYjUbrsiAINmFF\ngFrd9D3NaDQiLi7Ort2MRiNiY2Nt1rvaNy4uDmFhYQ6PoSS//vorHn/8cdx///0YM2YMFi5caN3G\ntvTeggULMHXqVNx7772ora21rmdbeu5f//oXVCoVtm/fjv3792P69Ok2Z2psS8/16tULiYmJUKlU\n6NWrF+Lj47Fv3z7rdn+3peLOsNPS0pCfnw8AKCoqQkpKip8rCjxXXnkldu7cCQDIz8/HwIED0a9f\nPxQWFqK2thZVVVU4evQoUlJSkJaWhm+++ca674ABA6DT6RAWFobjx49DFEVs3boVAwcORFpaGrZu\n3QpBEHDq1CkIgoD27dv781eV1dmzZzFx4kRMmzYN99xzDwC2pVSffvopli1bBgCIioqCSqVC3759\n2ZYS/N///R/++c9/YvXq1bjiiiuwYMECDB06lG0pwbp165CbmwsAOH36NAwGAwYPHhwwbam4yT8a\ne4kfOnQIoigiJycHycnJ/i7L706cOIFnn30Wa9euRUlJCWbNmoW6ujokJSVh/vz50Gg0WLt2LfLy\n8iCKIiZPnoybb74Z1dXVmD59OsrKyhAWFoZFixZBr9ejqKgIOTk5qK+vx5AhQ/CXv/wFALB48WLk\n5+dDEATMnDkTAwcO9PNvLp/58+djw4YNSEpKsq7761//ivnz57MtvWQymTBz5kycPXsWFosFjzzy\nCJKTk/l36aPx48djzpw5UKvVbEsJzGYzZs6ciVOnTkGlUmHq1KlISEgImLZUXGATEREpkeIuiRMR\nESkRA5uIiCgIMLCJiIiCAAObiIgoCDCwiYiIggADm4iIKAgwsImIiIIAA5uIiCgI/D8pQFVwr5ir\nBgAAAABJRU5ErkJggg==\n",
      "text/plain": [
       "<matplotlib.figure.Figure at 0x1742cbbaf98>"
      ]
     },
     "metadata": {},
     "output_type": "display_data"
    }
   ],
   "source": [
    "true_value = np.pi*4/3*8\n",
    "plt.plot(np.array(estim0)[10**4:] - true_value)"
   ]
  },
  {
   "cell_type": "markdown",
   "metadata": {},
   "source": [
    "### Estimations using KL-divergence with acceleration"
   ]
  },
  {
   "cell_type": "code",
   "execution_count": 95,
   "metadata": {
    "collapsed": false,
    "scrolled": true
   },
   "outputs": [
    {
     "name": "stdout",
     "output_type": "stream",
     "text": [
      "here\n"
     ]
    }
   ],
   "source": [
    "estim1, thetas1 = sgd(obj, GaussianDistribution, zero_point, projector, max_iter=5*10**5, C=5e-3, strong_convexity_coef = 1/l_max, acceleration = True)"
   ]
  },
  {
   "cell_type": "code",
   "execution_count": 96,
   "metadata": {
    "collapsed": false
   },
   "outputs": [
    {
     "data": {
      "text/plain": [
       "[(array([0, 0, 0]), array([[ 1.,  0.,  0.],\n",
       "         [ 0.,  1.,  0.],\n",
       "         [ 0.,  0.,  1.]])),\n",
       " (array([ 0.0352621 ,  0.03118624, -0.08296334]),\n",
       "  array([[ 1.24074552, -0.04203989,  0.01439219],\n",
       "         [-0.04203989,  1.27688629, -0.0507145 ],\n",
       "         [ 0.01439219, -0.0507145 ,  1.18808969]])),\n",
       " (array([ 0.07078604, -0.07158319,  0.03197847]),\n",
       "  array([[ 1.25194125,  0.00207198,  0.01891726],\n",
       "         [ 0.00207198,  1.27474625, -0.02059605],\n",
       "         [ 0.01891726, -0.02059605,  1.20525322]])),\n",
       " (array([ 0.03582646,  0.01956075, -0.04153024]),\n",
       "  array([[ 1.26420125, -0.04862787,  0.01030965],\n",
       "         [-0.04862787,  1.28026769,  0.01092203],\n",
       "         [ 0.01030965,  0.01092203,  1.23089952]])),\n",
       " (array([-0.00383018, -0.01444315, -0.01599481]),\n",
       "  array([[  1.32269064e+00,  -1.60607960e-02,   6.23956308e-04],\n",
       "         [ -1.60607960e-02,   1.22943970e+00,   1.18135720e-02],\n",
       "         [  6.23956308e-04,   1.18135720e-02,   1.22024001e+00]])),\n",
       " (array([ 0.02045606, -0.0180587 , -0.01436033]),\n",
       "  array([[ 1.25508949, -0.03690205,  0.00689245],\n",
       "         [-0.03690205,  1.26470938,  0.02045529],\n",
       "         [ 0.00689245,  0.02045529,  1.23183393]])),\n",
       " (array([ 0.03522583,  0.01368837, -0.04035249]),\n",
       "  array([[ 1.26616846, -0.00615453,  0.00129681],\n",
       "         [-0.00615453,  1.23129758, -0.01846979],\n",
       "         [ 0.00129681, -0.01846979,  1.2361269 ]])),\n",
       " (array([-0.01820481, -0.00785168,  0.00062132]),\n",
       "  array([[ 1.2554556 ,  0.01457941, -0.00256329],\n",
       "         [ 0.01457941,  1.24854733, -0.01412795],\n",
       "         [-0.00256329, -0.01412795,  1.26319173]])),\n",
       " (array([-0.01228569,  0.01931915, -0.01847287]),\n",
       "  array([[ 1.23867436,  0.02192133,  0.01283338],\n",
       "         [ 0.02192133,  1.27664902,  0.00319544],\n",
       "         [ 0.01283338,  0.00319544,  1.24017976]])),\n",
       " (array([-0.01638505, -0.01756039, -0.0070757 ]),\n",
       "  array([[ 1.21321043,  0.02439166, -0.00804609],\n",
       "         [ 0.02439166,  1.2748906 ,  0.00585554],\n",
       "         [-0.00804609,  0.00585554,  1.27069328]])),\n",
       " (array([-0.00975723, -0.04296507,  0.02508218]),\n",
       "  array([[  1.24203766e+00,  -2.96970830e-03,   9.45017369e-04],\n",
       "         [ -2.96970830e-03,   1.24901079e+00,   1.16878846e-02],\n",
       "         [  9.45017369e-04,   1.16878846e-02,   1.25742092e+00]])),\n",
       " (array([-0.02480279, -0.01832622, -0.00189894]),\n",
       "  array([[  1.23398555e+00,   1.59215361e-02,  -1.14230382e-02],\n",
       "         [  1.59215361e-02,   1.25260149e+00,   8.09227687e-04],\n",
       "         [ -1.14230382e-02,   8.09227687e-04,   1.24894677e+00]])),\n",
